InvestmentReturns=[0.0,0.0,0.0,0.0,0.0,0.0,0.0,0.0,0.0,0.0,0.0,0.0,0.0,0.0,0.0,0.0,0.0,0.0,0.0,0.0,;-1.0,-0.9,-0.8,-0.7,-0.6,-0.5,-0.4,-0.3,-0.2,-0.1,0.0,0.1,0.2,0.3,0.4,0.5,0.6,0.7,0.8,0.9,;-2.0,-1.8,-1.6,-1.4,-1.2,-1.0,-0.8,-0.6,-0.4,-0.2,0.0,0.2,0.4,0.6,0.8,1.0,1.2,1.4,1.6,1.8,;-3.0,-2.7,-2.4,-2.1,-1.8,-1.5,-1.2,-0.9,-0.6,-0.3,0.0,0.3,0.6,0.9,1.2,1.5,1.8,2.1,2.4,2.7,;-4.0,-3.6,-3.2,-2.8,-2.4,-2.0,-1.6,-1.2,-0.8,-0.4,0.0,0.4,0.8,1.2,1.6,2.0,2.4,2.8,3.2,3.6,;-5.0,-4.5,-4.0,-3.5,-3.0,-2.5,-2.0,-1.5,-1.0,-0.5,0.0,0.5,1.0,1.5,2.0,2.5,3.0,3.5,4.0,4.5,;-6.0,-5.4,-4.8,-4.2,-3.6,-3.0,-2.4,-1.8,-1.2,-0.6,0.0,0.6,1.2,1.8,2.4,3.0,3.6,4.2,4.8,5.4,;-7.0,-6.3,-5.6,-4.9,-4.2,-3.5,-2.8,-2.1,-1.4,-0.7,0.0,0.7,1.4,2.1,2.8,3.5,4.2,4.9,5.6,6.3,;-8.0,-7.2,-6.4,-5.6,-4.8,-4.0,-3.2,-2.4,-1.6,-0.8,0.0,0.8,1.6,2.4,3.2,4.0,4.8,5.6,6.4,7.2,;-9.0,-8.1,-7.2,-6.3,-5.4,-4.5,-3.6,-2.7,-1.8,-0.9,0.0,0.9,1.8,2.7,3.6,4.5,5.4,6.3,7.2,8.1,;];
surf(InvestmentReturns);
view(0,90); shading interp;colorbar;axis("nolabel");
xlabel("% Return");ylabel("Investment");
title("Gross");
set(gca,"XLim",[0 20]);
set(gca,"XTickLabel",{'0.0', '31.7', '63.3', '95.0', '126.7', '158.3', '190.0'});
L = get(gca,"XLim");set(gca,"XTick",linspace(L(1),L(2),7));
set(gca,"YLim",[0 10]);
set(gca,"YTickLabel",{'0.0', '1.5', '3.0', '4.5', '6.0', '7.5', '9.0'});
L = get(gca,"YLim");set(gca,"YTick",linspace(L(1),L(2),7));
axis("tight");
